0  -216.0 38.0 0.00
1  -215.0 -25.0 0.00
2  -214.0 -34.0 0.00
3  -213.0 -49.0 0.00
4  -212.0 -54.0 0.00
5  -211.0 -68.0 0.00
6  -210.0 -67.0 0.00
7  -209.0 -59.0 0.00
8  -208.0 -60.0 0.00
9  -207.0 -60.0 0.00
10  -206.0 -75.0 0.00
11  -205.0 -86.0 0.00
12  -204.0 -91.0 0.00
13  -203.0 -99.0 0.00
14  -202.0 -101.0 0.00
15  -201.0 -114.0 0.00
16  -200.0 -109.0 0.00
17  -199.0 -110.0 0.00
18  -198.0 -116.0 0.00
19  -197.0 -125.0 0.00
20  -196.0 -128.0 0.00
21  -195.0 -134.0 0.00
22  -194.0 -149.0 0.00
23  -193.0 -159.0 0.00
24  -192.0 -143.0 0.00
25  -191.0 -170.0 0.00
26  -190.0 -173.0 0.00
27  -189.0 -173.0 0.00
28  -188.0 -177.0 0.00
29  -187.0 -187.0 0.00
30  -186.0 -189.0 0.00
31  -185.0 -196.0 0.00
32  -184.0 -201.0 0.00
33  -183.0 -207.0 0.00
34  -182.0 -213.0 0.00
35  -181.0 -218.0 0.00
36  -180.0 -223.0 0.00
37  -179.0 -228.0 0.00
38  -178.0 -233.0 0.00
39  -177.0 -241.0 0.00
40  -176.0 -246.0 0.00
41  -175.0 -247.0 0.00
42  -174.0 -249.0 0.00
43  -173.0 -250.0 0.00
44  -172.0 -254.0 0.00
45  -171.0 -255.0 0.00
46  -170.0 -256.0 0.00
47  -169.0 -257.0 0.00
48  -168.0 -257.0 0.00
49  -167.0 -258.0 0.00
50  -166.0 -260.0 0.00
51  -165.0 -261.0 0.00
52  -164.0 -261.0 0.00
53  -163.0 -262.0 0.00
54  -162.0 -264.0 0.00
55  -161.0 -269.0 0.00
56  -160.0 -271.0 0.00
57  -159.0 -272.0 0.00
58  -158.0 -273.0 0.00
59  -157.0 -277.0 0.00
60  -156.0 -280.0 0.00
61  -155.0 -282.0 0.00
62  -154.0 -283.0 0.00
63  -153.0 -283.0 0.00
64  -152.0 -284.0 0.00
65  -151.0 -285.0 0.00
66  -150.0 -285.0 0.00
67  -149.0 -286.0 0.00
68  -148.0 -285.0 0.00
69  -147.0 -285.0 0.00
70  -146.0 -285.0 0.00
71  -145.0 -285.0 0.00
72  -144.0 -285.0 0.00
73  -143.0 -286.0 0.00
74  -142.0 -287.0 0.00
75  -141.0 -287.0 0.00
76  -140.0 -287.0 0.00
77  -139.0 -287.0 0.00
78  -138.0 -287.0 0.00
79  -137.0 -287.0 0.00
80  -136.0 -287.0 0.00
81  -135.0 -287.0 0.00
82  -134.0 -287.0 0.00
83  -133.0 -287.0 0.00
84  -132.0 -287.0 0.00
85  -131.0 -287.0 0.00
86  -130.0 -287.0 0.00
87  -129.0 -287.0 0.00
88  -128.0 -288.0 0.00
89  -127.0 -288.0 0.00
90  -126.0 -288.0 0.00
91  -125.0 -288.0 0.00
92  -124.0 -288.0 0.00
93  -123.0 -288.0 0.00
94  -122.0 -288.0 0.00
95  -121.0 -288.0 0.00
96  -120.0 -288.0 0.00
97  -119.0 -288.0 0.00
98  -118.0 -288.0 0.00
99  -117.0 -288.0 0.00
100  -116.0 -289.0 0.00
101  -115.0 -289.0 0.00
102  -114.0 -289.0 0.00
103  -113.0 -289.0 0.00
104  -112.0 -289.0 0.00
105  -111.0 -290.0 0.00
106  -110.0 -290.0 0.00
107  -109.0 -290.0 0.00
108  -108.0 -291.0 0.00
109  -107.0 -291.0 0.00
110  -106.0 -291.0 0.00
111  -105.0 -291.0 0.00
112  -104.0 -292.0 0.00
113  -103.0 -293.0 0.00
114  -102.0 -293.0 0.00
115  -101.0 -293.0 0.00
116  -100.0 -294.0 0.00
117  -99.0 -294.0 0.00
118  -98.0 -294.0 0.00
119  -97.0 -294.0 0.00
120  -96.0 -295.0 0.00
121  -95.0 -295.0 0.00
122  -94.0 -296.0 0.00
123  -93.0 -297.0 0.00
124  -92.0 -297.0 0.00
125  -91.0 -298.0 0.00
126  -90.0 -298.0 0.00
127  -89.0 -299.0 0.00
128  -88.0 -300.0 0.00
129  -87.0 -301.0 0.00
130  -86.0 -301.0 0.00
131  -85.0 -302.0 0.00
132  -84.0 -302.0 0.00
133  -83.0 -303.0 0.00
134  -82.0 -304.0 0.00
135  -81.0 -305.0 0.00
136  -80.0 -305.0 0.00
137  -79.0 -307.0 0.00
138  -78.0 -308.0 0.00
139  -77.0 -309.0 0.00
140  -76.0 -311.0 0.00
141  -75.0 -311.0 0.00
142  -74.0 -312.0 0.00
143  -73.0 -312.0 0.00
144  -72.0 -314.0 0.00
145  -71.0 -315.0 0.00
146  -70.0 -316.0 0.00
147  -69.0 -317.0 0.00
148  -68.0 -318.0 0.00
149  -67.0 -319.0 0.00
150  -66.0 -320.0 0.00
151  -65.0 -321.0 0.00
152  -64.0 -323.0 0.00
153  -63.0 -324.0 0.00
154  -62.0 -325.0 0.00
155  -61.0 -326.0 0.00
156  -60.0 -328.0 0.00
157  -59.0 -328.0 0.00
158  -58.0 -329.0 0.00
159  -57.0 -331.0 0.00
160  -56.0 -332.0 0.00
161  -55.0 -332.0 0.00
162  -54.0 -333.0 0.00
163  -53.0 -335.0 0.00
164  -52.0 -335.0 0.00
165  -51.0 -336.0 0.00
166  -50.0 -338.0 0.00
167  -49.0 -339.0 0.00
168  -48.0 -339.0 0.00
169  -47.0 -341.0 0.00
170  -46.0 -342.0 0.00
171  -45.0 -342.0 0.00
172  -44.0 -343.0 0.00
173  -43.0 -343.0 0.00
174  -42.0 -344.0 0.00
175  -41.0 -345.0 0.00
176  -40.0 -347.0 0.00
177  -39.0 -348.0 0.00
178  -38.0 -348.0 0.00
179  -37.0 -349.0 0.00
180  -36.0 -349.0 0.00
181  -35.0 -349.0 0.00
182  -34.0 -349.0 0.00
183  -33.0 -350.0 0.00
184  -32.0 -351.0 0.00
185  -31.0 -351.0 0.00
186  -30.0 -352.0 0.00
187  -29.0 -352.0 0.00
188  -28.0 -353.0 0.00
189  -27.0 -353.0 0.00
190  -26.0 -353.0 0.00
191  -25.0 -354.0 0.00
192  -24.0 -354.0 0.00
193  -23.0 -355.0 0.00
194  -22.0 -355.0 0.00
195  -21.0 -355.0 0.00
196  -20.0 -356.0 0.00
197  -19.0 -356.0 0.00
198  -18.0 -357.0 0.00
199  -17.0 -357.0 0.00
200  -16.0 -357.0 0.00
201  -15.0 -357.0 0.00
202  -14.0 -357.0 0.00
203  -13.0 -357.0 0.00
204  -12.0 -357.0 0.00
205  -11.0 -357.0 0.00
206  -10.0 -358.0 0.00
207  -9.0 -358.0 0.00
208  -8.0 -358.0 0.00
209  -7.0 -358.0 0.00
210  -6.0 -359.0 0.00
211  -5.0 -359.0 0.00
212  -4.0 -359.0 0.00
213  -3.0 -359.0 0.00
214  -2.0 -359.0 0.00
215  -1.0 -359.0 0.00
216  0.0 -359.0 0.00
217  1.0 -359.0 0.00
218  2.0 -359.0 0.00
219  3.0 -359.0 0.00
220  4.0 -359.0 0.00
221  5.0 -359.0 0.00
222  6.0 -359.0 0.00
223  7.0 -358.0 0.00
224  8.0 -358.0 0.00
225  9.0 -357.0 0.00
226  10.0 -357.0 0.00
227  11.0 -357.0 0.00
228  12.0 -357.0 0.00
229  13.0 -357.0 0.00
230  14.0 -357.0 0.00
231  16.0 -356.0 0.00
232  17.0 -356.0 0.00
233  18.0 -355.0 0.00
234  19.0 -355.0 0.00
235  20.0 -355.0 0.00
236  21.0 -355.0 0.00
237  22.0 -354.0 0.00
238  23.0 -354.0 0.00
239  24.0 -353.0 0.00
240  25.0 -353.0 0.00
241  26.0 -352.0 0.00
242  27.0 -352.0 0.00
243  28.0 -351.0 0.00
244  29.0 -351.0 0.00
245  30.0 -350.0 0.00
246  31.0 -349.0 0.00
247  32.0 -349.0 0.00
248  33.0 -349.0 0.00
249  34.0 -348.0 0.00
250  35.0 -348.0 0.00
251  36.0 -347.0 0.00
252  37.0 -347.0 0.00
253  38.0 -346.0 0.00
254  39.0 -346.0 0.00
255  40.0 -345.0 0.00
256  41.0 -344.0 0.00
257  42.0 -343.0 0.00
258  43.0 -342.0 0.00
259  44.0 -342.0 0.00
260  45.0 -341.0 0.00
261  46.0 -340.0 0.00
262  47.0 -338.0 0.00
263  48.0 -337.0 0.00
264  49.0 -337.0 0.00
265  50.0 -336.0 0.00
266  51.0 -334.0 0.00
267  52.0 -334.0 0.00
268  53.0 -333.0 0.00
269  54.0 -331.0 0.00
270  55.0 -330.0 0.00
271  56.0 -329.0 0.00
272  57.0 -329.0 0.00
273  58.0 -327.0 0.00
274  59.0 -326.0 0.00
275  60.0 -325.0 0.00
276  61.0 -324.0 0.00
277  62.0 -323.0 0.00
278  63.0 -322.0 0.00
279  64.0 -321.0 0.00
280  65.0 -320.0 0.00
281  66.0 -319.0 0.00
282  67.0 -318.0 0.00
283  68.0 -317.0 0.00
284  69.0 -315.0 0.00
285  70.0 -314.0 0.00
286  71.0 -313.0 0.00
287  72.0 -312.0 0.00
288  73.0 -311.0 0.00
289  74.0 -310.0 0.00
290  75.0 -309.0 0.00
291  76.0 -309.0 0.00
292  77.0 -307.0 0.00
293  78.0 -307.0 0.00
294  79.0 -306.0 0.00
295  80.0 -305.0 0.00
296  81.0 -304.0 0.00
297  82.0 -304.0 0.00
298  83.0 -303.0 0.00
299  84.0 -302.0 0.00
300  85.0 -301.0 0.00
301  86.0 -301.0 0.00
302  87.0 -300.0 0.00
303  88.0 -299.0 0.00
304  89.0 -299.0 0.00
305  90.0 -298.0 0.00
306  91.0 -297.0 0.00
307  92.0 -297.0 0.00
308  93.0 -296.0 0.00
309  94.0 -295.0 0.00
310  95.0 -295.0 0.00
311  96.0 -294.0 0.00
312  97.0 -294.0 0.00
313  98.0 -293.0 0.00
314  99.0 -293.0 0.00
315  100.0 -293.0 0.00
316  101.0 -293.0 0.00
317  102.0 -293.0 0.00
318  103.0 -293.0 0.00
319  104.0 -293.0 0.00
320  105.0 -292.0 0.00
321  106.0 -292.0 0.00
322  107.0 -291.0 0.00
323  108.0 -291.0 0.00
324  109.0 -291.0 0.00
325  110.0 -291.0 0.00
326  111.0 -291.0 0.00
327  112.0 -290.0 0.00
328  113.0 -290.0 0.00
329  114.0 -290.0 0.00
330  115.0 -290.0 0.00
331  116.0 -289.0 0.00
332  117.0 -290.0 0.00
333  118.0 -290.0 0.00
334  119.0 -290.0 0.00
335  120.0 -290.0 0.00
336  121.0 -290.0 0.00
337  122.0 -290.0 0.00
338  123.0 -290.0 0.00
339  124.0 -290.0 0.00
340  125.0 -289.0 0.00
341  126.0 -289.0 0.00
342  127.0 -289.0 0.00
343  128.0 -290.0 0.00
344  129.0 -290.0 0.00
345  130.0 -290.0 0.00
346  131.0 -290.0 0.00
347  132.0 -289.0 0.00
348  133.0 -289.0 0.00
349  134.0 -289.0 0.00
350  135.0 -289.0 0.00
351  136.0 -289.0 0.00
352  137.0 -289.0 0.00
353  138.0 -289.0 0.00
354  139.0 -289.0 0.00
355  140.0 -289.0 0.00
356  141.0 -288.0 0.00
357  142.0 -288.0 0.00
358  143.0 -288.0 0.00
359  144.0 -288.0 0.00
360  145.0 -288.0 0.00
361  146.0 -288.0 0.00
362  147.0 -287.0 0.00
363  148.0 -286.0 0.00
364  149.0 -284.0 0.00
365  150.0 -281.0 0.00
366  151.0 -278.0 0.00
367  152.0 -276.0 0.00
368  153.0 -276.0 0.00
369  154.0 -274.0 0.00
370  155.0 -273.0 0.00
371  156.0 -272.0 0.00
372  157.0 -272.0 0.00
373  158.0 -271.0 0.00
374  159.0 -271.0 0.00
375  160.0 -270.0 0.00
376  161.0 -269.0 0.00
377  162.0 -269.0 0.00
378  163.0 -268.0 0.00
379  164.0 -268.0 0.00
380  165.0 -267.0 0.00
381  166.0 -266.0 0.00
382  167.0 -266.0 0.00
383  168.0 -265.0 0.00
384  169.0 -265.0 0.00
385  170.0 -264.0 0.00
386  171.0 -264.0 0.00
387  172.0 -263.0 0.00
388  173.0 -262.0 0.00
389  174.0 -261.0 0.00
390  175.0 -261.0 0.00
391  176.0 -260.0 0.00
392  177.0 -260.0 0.00
393  178.0 -259.0 0.00
394  179.0 -259.0 0.00
395  180.0 -258.0 0.00
396  181.0 -258.0 0.00
397  182.0 -258.0 0.00
398  183.0 -258.0 0.00
399  184.0 -258.0 0.00
400  185.0 -255.0 0.00
401  186.0 -255.0 0.00
402  187.0 -254.0 0.00
403  188.0 -254.0 0.00
404  189.0 -255.0 0.00
405  190.0 -254.0 0.00
406  191.0 -253.0 0.00
407  192.0 -252.0 0.00
408  193.0 -252.0 0.00
409  194.0 -250.0 0.00
410  195.0 -249.0 0.00
411  196.0 -249.0 0.00
412  197.0 -248.0 0.00
413  198.0 -250.0 0.00
414  199.0 -247.0 0.00
415  200.0 -249.0 0.00
416  201.0 -248.0 0.00
417  202.0 -248.0 0.00
418  203.0 -248.0 0.00
419  204.0 -247.0 0.00
420  205.0 -246.0 0.00
421  206.0 -246.0 0.00
422  207.0 -245.0 0.00
423  208.0 -244.0 0.00
424  209.0 -244.0 0.00
425  209.0 236.0 0.00
426  208.0 238.0 0.00
427  207.0 238.0 0.00
428  206.0 237.0 0.00
429  205.0 238.0 0.00
430  204.0 241.0 0.00
431  203.0 241.0 0.00
432  202.0 240.0 0.00
433  201.0 241.0 0.00
434  200.0 241.0 0.00
435  199.0 242.0 0.00
436  198.0 244.0 0.00
437  197.0 244.0 0.00
438  196.0 245.0 0.00
439  195.0 246.0 0.00
440  194.0 245.0 0.00
441  193.0 249.0 0.00
442  192.0 250.0 0.00
443  191.0 250.0 0.00
444  190.0 249.0 0.00
445  189.0 249.0 0.00
446  188.0 250.0 0.00
447  187.0 250.0 0.00
448  186.0 251.0 0.00
449  185.0 253.0 0.00
450  184.0 254.0 0.00
451  183.0 255.0 0.00
452  182.0 255.0 0.00
453  181.0 257.0 0.00
454  180.0 258.0 0.00
455  179.0 259.0 0.00
456  178.0 259.0 0.00
457  177.0 259.0 0.00
458  176.0 259.0 0.00
459  175.0 260.0 0.00
460  174.0 260.0 0.00
461  173.0 261.0 0.00
462  172.0 262.0 0.00
463  171.0 262.0 0.00
464  170.0 263.0 0.00
465  169.0 264.0 0.00
466  168.0 267.0 0.00
467  167.0 271.0 0.00
468  166.0 271.0 0.00
469  165.0 269.0 0.00
470  164.0 269.0 0.00
471  163.0 269.0 0.00
472  162.0 270.0 0.00
473  161.0 272.0 0.00
474  160.0 272.0 0.00
475  159.0 274.0 0.00
476  158.0 274.0 0.00
477  157.0 278.0 0.00
478  156.0 282.0 0.00
479  155.0 284.0 0.00
480  154.0 285.0 0.00
481  153.0 286.0 0.00
482  152.0 286.0 0.00
483  151.0 286.0 0.00
484  150.0 286.0 0.00
485  149.0 286.0 0.00
486  148.0 286.0 0.00
487  147.0 286.0 0.00
488  146.0 287.0 0.00
489  145.0 287.0 0.00
490  144.0 287.0 0.00
491  143.0 287.0 0.00
492  142.0 287.0 0.00
493  141.0 287.0 0.00
494  140.0 287.0 0.00
495  139.0 288.0 0.00
496  138.0 288.0 0.00
497  137.0 288.0 0.00
498  136.0 288.0 0.00
499  135.0 288.0 0.00
500  134.0 288.0 0.00
501  133.0 288.0 0.00
502  132.0 288.0 0.00
503  131.0 287.0 0.00
504  130.0 287.0 0.00
505  129.0 287.0 0.00
506  128.0 288.0 0.00
507  127.0 288.0 0.00
508  126.0 288.0 0.00
509  125.0 288.0 0.00
510  124.0 288.0 0.00
511  123.0 287.0 0.00
512  122.0 287.0 0.00
513  121.0 287.0 0.00
514  120.0 287.0 0.00
515  119.0 288.0 0.00
516  118.0 288.0 0.00
517  117.0 288.0 0.00
518  116.0 288.0 0.00
519  115.0 288.0 0.00
520  114.0 288.0 0.00
521  113.0 289.0 0.00
522  112.0 289.0 0.00
523  111.0 289.0 0.00
524  110.0 289.0 0.00
525  109.0 290.0 0.00
526  108.0 290.0 0.00
527  107.0 290.0 0.00
528  106.0 291.0 0.00
529  105.0 291.0 0.00
530  104.0 291.0 0.00
531  103.0 292.0 0.00
532  102.0 292.0 0.00
533  101.0 292.0 0.00
534  100.0 293.0 0.00
535  99.0 293.0 0.00
536  98.0 294.0 0.00
537  97.0 294.0 0.00
538  96.0 295.0 0.00
539  95.0 295.0 0.00
540  94.0 295.0 0.00
541  93.0 296.0 0.00
542  92.0 296.0 0.00
543  91.0 297.0 0.00
544  90.0 298.0 0.00
545  89.0 299.0 0.00
546  88.0 299.0 0.00
547  87.0 300.0 0.00
548  86.0 301.0 0.00
549  85.0 301.0 0.00
550  84.0 302.0 0.00
551  83.0 303.0 0.00
552  82.0 303.0 0.00
553  81.0 304.0 0.00
554  80.0 305.0 0.00
555  79.0 306.0 0.00
556  78.0 307.0 0.00
557  77.0 308.0 0.00
558  76.0 309.0 0.00
559  75.0 310.0 0.00
560  74.0 311.0 0.00
561  73.0 312.0 0.00
562  72.0 313.0 0.00
563  71.0 313.0 0.00
564  70.0 314.0 0.00
565  69.0 315.0 0.00
566  68.0 317.0 0.00
567  67.0 318.0 0.00
568  66.0 319.0 0.00
569  65.0 320.0 0.00
570  64.0 322.0 0.00
571  63.0 323.0 0.00
572  62.0 324.0 0.00
573  61.0 325.0 0.00
574  60.0 326.0 0.00
575  59.0 327.0 0.00
576  58.0 328.0 0.00
577  57.0 329.0 0.00
578  56.0 330.0 0.00
579  55.0 331.0 0.00
580  54.0 332.0 0.00
581  53.0 332.0 0.00
582  52.0 333.0 0.00
583  51.0 336.0 0.00
584  50.0 337.0 0.00
585  49.0 338.0 0.00
586  48.0 339.0 0.00
587  47.0 340.0 0.00
588  46.0 340.0 0.00
589  45.0 341.0 0.00
590  44.0 342.0 0.00
591  43.0 343.0 0.00
592  42.0 344.0 0.00
593  41.0 344.0 0.00
594  40.0 345.0 0.00
595  39.0 346.0 0.00
596  38.0 346.0 0.00
597  37.0 347.0 0.00
598  36.0 348.0 0.00
599  35.0 348.0 0.00
600  34.0 349.0 0.00
601  33.0 349.0 0.00
602  32.0 349.0 0.00
603  31.0 350.0 0.00
604  30.0 351.0 0.00
605  29.0 351.0 0.00
606  28.0 351.0 0.00
607  27.0 352.0 0.00
608  26.0 352.0 0.00
609  25.0 353.0 0.00
610  24.0 353.0 0.00
611  23.0 353.0 0.00
612  22.0 354.0 0.00
613  21.0 354.0 0.00
614  20.0 355.0 0.00
615  19.0 355.0 0.00
616  18.0 355.0 0.00
617  17.0 356.0 0.00
618  16.0 356.0 0.00
619  14.0 357.0 0.00
620  13.0 357.0 0.00
621  12.0 357.0 0.00
622  11.0 358.0 0.00
623  10.0 358.0 0.00
624  9.0 358.0 0.00
625  8.0 358.0 0.00
626  7.0 358.0 0.00
627  6.0 358.0 0.00
628  5.0 358.0 0.00
629  4.0 358.0 0.00
630  3.0 359.0 0.00
631  2.0 359.0 0.00
632  1.0 359.0 0.00
633  0.0 359.0 0.00
634  -1.0 359.0 0.00
635  -2.0 359.0 0.00
636  -3.0 358.0 0.00
637  -4.0 358.0 0.00
638  -5.0 359.0 0.00
639  -6.0 359.0 0.00
640  -7.0 359.0 0.00
641  -8.0 359.0 0.00
642  -9.0 358.0 0.00
643  -10.0 357.0 0.00
644  -11.0 357.0 0.00
645  -12.0 357.0 0.00
646  -13.0 357.0 0.00
647  -14.0 356.0 0.00
648  -15.0 356.0 0.00
649  -16.0 356.0 0.00
650  -17.0 356.0 0.00
651  -18.0 355.0 0.00
652  -19.0 355.0 0.00
653  -20.0 354.0 0.00
654  -21.0 354.0 0.00
655  -22.0 353.0 0.00
656  -23.0 353.0 0.00
657  -24.0 353.0 0.00
658  -25.0 353.0 0.00
659  -26.0 352.0 0.00
660  -27.0 352.0 0.00
661  -28.0 351.0 0.00
662  -29.0 350.0 0.00
663  -30.0 350.0 0.00
664  -31.0 349.0 0.00
665  -32.0 349.0 0.00
666  -33.0 348.0 0.00
667  -34.0 348.0 0.00
668  -35.0 348.0 0.00
669  -36.0 347.0 0.00
670  -37.0 346.0 0.00
671  -38.0 346.0 0.00
672  -39.0 345.0 0.00
673  -40.0 344.0 0.00
674  -41.0 343.0 0.00
675  -42.0 342.0 0.00
676  -43.0 341.0 0.00
677  -44.0 341.0 0.00
678  -45.0 340.0 0.00
679  -46.0 339.0 0.00
680  -47.0 339.0 0.00
681  -48.0 338.0 0.00
682  -49.0 337.0 0.00
683  -50.0 336.0 0.00
684  -51.0 334.0 0.00
685  -52.0 333.0 0.00
686  -53.0 332.0 0.00
687  -54.0 331.0 0.00
688  -55.0 330.0 0.00
689  -56.0 329.0 0.00
690  -57.0 328.0 0.00
691  -58.0 328.0 0.00
692  -59.0 328.0 0.00
693  -60.0 326.0 0.00
694  -61.0 323.0 0.00
695  -62.0 322.0 0.00
696  -63.0 322.0 0.00
697  -64.0 322.0 0.00
698  -65.0 320.0 0.00
699  -66.0 318.0 0.00
700  -67.0 317.0 0.00
701  -68.0 316.0 0.00
702  -69.0 315.0 0.00
703  -70.0 314.0 0.00
704  -71.0 312.0 0.00
705  -72.0 311.0 0.00
706  -73.0 310.0 0.00
707  -74.0 309.0 0.00
708  -75.0 308.0 0.00
709  -76.0 307.0 0.00
710  -77.0 306.0 0.00
711  -78.0 305.0 0.00
712  -79.0 305.0 0.00
713  -80.0 303.0 0.00
714  -81.0 303.0 0.00
715  -82.0 303.0 0.00
716  -83.0 302.0 0.00
717  -84.0 301.0 0.00
718  -85.0 300.0 0.00
719  -86.0 299.0 0.00
720  -87.0 299.0 0.00
721  -88.0 298.0 0.00
722  -89.0 298.0 0.00
723  -90.0 297.0 0.00
724  -91.0 297.0 0.00
725  -92.0 296.0 0.00
726  -93.0 295.0 0.00
727  -94.0 295.0 0.00
728  -95.0 295.0 0.00
729  -96.0 294.0 0.00
730  -97.0 293.0 0.00
731  -98.0 293.0 0.00
732  -99.0 292.0 0.00
733  -100.0 292.0 0.00
734  -101.0 292.0 0.00
735  -102.0 292.0 0.00
736  -103.0 291.0 0.00
737  -104.0 291.0 0.00
738  -105.0 291.0 0.00
739  -106.0 291.0 0.00
740  -107.0 291.0 0.00
741  -108.0 290.0 0.00
742  -109.0 290.0 0.00
743  -110.0 289.0 0.00
744  -111.0 289.0 0.00
745  -112.0 289.0 0.00
746  -113.0 288.0 0.00
747  -114.0 288.0 0.00
748  -115.0 288.0 0.00
749  -116.0 288.0 0.00
750  -117.0 288.0 0.00
751  -118.0 288.0 0.00
752  -119.0 287.0 0.00
753  -120.0 287.0 0.00
754  -121.0 287.0 0.00
755  -122.0 287.0 0.00
756  -123.0 287.0 0.00
757  -124.0 287.0 0.00
758  -125.0 287.0 0.00
759  -126.0 287.0 0.00
760  -127.0 287.0 0.00
761  -128.0 287.0 0.00
762  -129.0 287.0 0.00
763  -130.0 287.0 0.00
764  -131.0 287.0 0.00
765  -132.0 287.0 0.00
766  -133.0 287.0 0.00
767  -134.0 287.0 0.00
768  -135.0 287.0 0.00
769  -136.0 287.0 0.00
770  -137.0 287.0 0.00
771  -138.0 287.0 0.00
772  -139.0 287.0 0.00
773  -140.0 287.0 0.00
774  -141.0 286.0 0.00
775  -142.0 286.0 0.00
776  -143.0 286.0 0.00
777  -144.0 286.0 0.00
778  -145.0 286.0 0.00
779  -146.0 286.0 0.00
780  -147.0 286.0 0.00
781  -148.0 286.0 0.00
782  -149.0 286.0 0.00
783  -150.0 286.0 0.00
784  -151.0 285.0 0.00
785  -152.0 285.0 0.00
786  -153.0 285.0 0.00
787  -154.0 284.0 0.00
788  -155.0 280.0 0.00
789  -156.0 278.0 0.00
790  -157.0 276.0 0.00
791  -158.0 274.0 0.00
792  -159.0 271.0 0.00
793  -160.0 270.0 0.00
794  -161.0 268.0 0.00
795  -162.0 268.0 0.00
796  -163.0 265.0 0.00
797  -164.0 264.0 0.00
798  -165.0 262.0 0.00
799  -166.0 260.0 0.00
800  -167.0 258.0 0.00
801  -168.0 256.0 0.00
802  -169.0 254.0 0.00
803  -170.0 253.0 0.00
804  -171.0 249.0 0.00
805  -172.0 247.0 0.00
806  -173.0 243.0 0.00
807  -174.0 242.0 0.00
808  -175.0 238.0 0.00
809  -176.0 235.0 0.00
810  -177.0 232.0 0.00
811  -178.0 229.0 0.00
812  -179.0 223.0 0.00
813  -180.0 221.0 0.00
814  -181.0 219.0 0.00
815  -182.0 218.0 0.00
816  -183.0 216.0 0.00
817  -184.0 216.0 0.00
818  -185.0 214.0 0.00
819  -186.0 214.0 0.00
820  -187.0 213.0 0.00
821  -188.0 212.0 0.00
822  -189.0 210.0 0.00
823  -190.0 209.0 0.00
824  -191.0 207.0 0.00
825  -192.0 206.0 0.00
826  -193.0 205.0 0.00
827  -194.0 205.0 0.00
828  -195.0 204.0 0.00
829  -196.0 204.0 0.00
830  -197.0 203.0 0.00
831  -198.0 202.0 0.00
832  -199.0 201.0 0.00
833  -200.0 200.0 0.00
834  -201.0 198.0 0.00
835  -202.0 197.0 0.00
836  -203.0 193.0 0.00
837  -204.0 188.0 0.00
838  -205.0 178.0 0.00
839  -206.0 157.0 0.00
840  -207.0 164.0 0.00
841  -208.0 159.0 0.00
842  -209.0 150.0 0.00
843  -210.0 138.0 0.00
844  -211.0 125.0 0.00
845  -212.0 112.0 0.00
846  -213.0 97.0 0.00
847  -214.0 88.0 0.00
848  -215.0 84.0 0.00
849  -216.0 72.0 0.00
850  -216.0 38.0 0.00
